[LEFT_CAM_2K]
fx=1400
fy=1400
cx=1104
cy=621
k1=-0.165
k2=0

[RIGHT_CAM_2K]
fx=1400
fy=1400
cx=1104
cy=621
k1=0
k2=0

[LEFT_CAM_FHD]
fx=1400
fy=1400
cx=960
cy=540
k1=-0.16
k2=0

[RIGHT_CAM_FHD]
fx=1400
fy=1400
cx=960
cy=540
k1=0
k2=0

[LEFT_CAM_HD]
fx=700
fy=700
cx=640
cy=360
k1=-0.16
k2=0

[RIGHT_CAM_HD]
fx=700
fy=700
cx=640
cy=360
k1=0
k2=0

[LEFT_CAM_VGA]
fx=700
fy=700
cx=320
cy=240
k1=-0.15
k2=0

[RIGHT_CAM_VGA]
fx=700
fy=700
cx=320
cy=240
k1=0
k2=0

[STEREO]
Baseline=120
CV_2K=-0.0166
CV_FHD=-0.01663
CV_HD=-0.01656
CV_VGA=-0.01657
RX_2K=0
RX_FHD=0
RX_HD=0
RX_VGA=0
RZ_2K=0
RZ_FHD=0
RZ_HD=0
RZ_VGA=0


