[LEFT_CAM_2K]
cx=1104
cy=621
fx=1400
fy=1400
k1=-0.165
k2=0

[LEFT_CAM_FHD]
cx=960
cy=540
fx=1405
fy=1400
k1=-0.16
k2=0

[LEFT_CAM_HD]
cx=640
cy=360
fx=720
fy=720
k1=-0.16
k2=0

[LEFT_CAM_VGA]
cx=320
cy=240
fx=700
fy=700
k1=-0.15
k2=0

[RIGHT_CAM_2K]
cx=1104
cy=621
fx=1400
fy=1400
k1=-0.165
k2=0

[RIGHT_CAM_FHD]
cx=960
cy=540
fx=1405
fy=1400
k1=-0.16
k2=0

[RIGHT_CAM_HD]
cx=640
cy=360
fx=720
fy=720
k1=-0.16
k2=0

[RIGHT_CAM_VGA]
cx=320
cy=240
fx=700
fy=700
k1=-0.15
k2=0

[STEREO]
BaseLine=120
CV_2K=-0.00773
CV_FHD=-0.00782
CV_HD=-0.00769
CV_VGA=-0.00775
RX_2K=0
RX_FHD=0
RX_HD=0
RX_VGA=0
RZ_2K=0
RZ_FHD=0
RZ_HD=0
RZ_VGA=0
